174
984
1442
2611
2614
2635
2639
3216
3223
3462
3561
3598
3700
3791
3816
3842
4134
4621
4694
4760
4766
4785
4808
4811
4812
4847
4851
5541
5577
5602
5617
5755
6057
6315
6364
6400
6428
6696
6697
6718
6724
6729
6870
6939
7162
7203
7296
7349
7393
7489
7497
7506
7540
7552
7595
7642
7684
7713
7883
7979
8048
8095
8151
8219
8280
8304
8315
8342
8359
8368
8400
8455
8473
8477
8560
8622
8697
8708
8764
8903
8972
9009
9038
9115
9121
9123
9166
9198
9260
9290
9299
9308
9329
9370
9371
9597
9667
9683
9802
9808
9823
9829
9873
9891
9925
10122
10123
10200
10207
10219
10297
10439
10704
10737
10908
10929
10963
11029
11114
11230
11235
11572
11831
11849
11878
12182
12189
12200
12301
12337
12364
12389
12555
12586
12637
12679
12714
12735
12824
12859
12876
12963
12975
12989
13194
13209
13213
13332
13335
13354
13389
13414
13445
13489
13649
13737
13739
13798
13886
13909
13916
13926
13955
13999
14061
14080
14116
14120
14127
14135
14160
14230
14244
14361
14384
14415
14567
14576
14670
14708
14754
14770
14782
14987
14992
15083
15133
15149
15395
15456
15497
15510
15582
15598
15626
15685
15694
15703
15817
15830
15879
15895
15919
15967
16125
16262
16276
16284
16312
16347
16371
16397
16550
16625
16628
16973
17018
17054
17069
17139
17216
17408
17439
17440
17444
17451
17465
17470
17488
17501
17552
17621
17623
17625
17665
17683
17747
17754
17809
17813
17816
17819
17881
17882
17917
17918
17971
17996
18001
18013
18025
18187
18207
18209
18229
18403
18450
18501
18734
18779
18978
18984
19084
19133
19148
19237
19318
19429
19437
19527
19531
19551
19624
19679
19844
19871
19893
19969
19994
20021
20068
20248
20264
20278
20448
20450
20454
20473
20495
20598
20714
20738
20773
20836
20857
20860
21003
21100
21217
21351
21391
21501
21624
21769
21777
21859
21887
22363
22418
22427
22552
22611
22612
22653
22781
22903
23033
23273
23342
23352
23535
23576
23724
23860
23881
23884
23951
23969
24186
24282
24309
24373
24378
24381
24429
24446
24482
24554
24558
24560
24572
24611
24679
24725
24768
24875
24940
24958
24961
24971
24997
25048
25108
25163
25260
25335
25369
25379
25459
25486
25504
25521
25532
25642
25653
25780
25820
26042
26101
26272
26277
26337
26347
26481
26496
26658
26753
26930
26978
27175
27176
27223
27229
27257
27310
27357
27411
27589
27597
27640
27647
27715
27775
27831
27947
28099
28110
28118
28216
28299
28333
28548
28573
28639
28666
28747
28753
28855
28907
28994
28997
29017
29045
29066
29067
29097
29119
29124
29134
29140
29169
29182
29222
29262
29278
29302
29311
29331
29452
29465
29522
29550
29686
29691
29713
29748
29802
29838
29854
29869
29873
29883
29971
30083
30176
30447
30475
30479
30633
30689
30849
30860
30900
30938
30962
30998
31034
31042
31103
31251
31400
31404
31472
31590
31624
31659
31708
31715
31727
31798
31807
31863
31898
31981
32097
32181
32244
32306
32338
32400
32475
32489
32613
32647
32740
32748
32780
32787
32875
32881
32986
32987
33028
33070
33083
33182
33302
33322
33333
33387
33438
33480
33494
33569
33576
33611
33724
33779
33983
34011
34081
34240
34305
34309
34358
34432
34533
34541
34549
34619
34665
34700
34745
34762
34788
34971
34989
35041
35278
35295
35297
35366
35415
35425
35467
35470
35540
35908
35916
35974
36114
36236
36263
36290
36351
36352
36408
36444
36536
36542
36647
36666
36791
36873
36874
36920
36943
36970
37018
37088
37153
37170
37209
37230
37248
37266
37269
37280
37284
37308
37347
37472
37506
37518
37521
37540
37611
37661
37705
37714
37907
37963
38001
38107
38186
38266
38283
38364
38365
38478
38700
38719
38731
38733
38843
38894
38913
39020
39122
39264
39326
39351
39392
39451
39458
39523
39536
39572
39647
39704
39729
39756
39798
39839
39845
40021
40065
40156
40165
40244
40281
40374
40438
40539
40676
40715
40728
40819
40824
40861
41062
41079
41281
41331
41369
41390
41427
41500
41557
41562
41564
41634
41653
41682
42120
42152
42160
42244
42331
42399
42442
42465
42473
42610
42612
42622
42695
42699
42705
42708
42730
42776
42831
42861
42926
43021
43260
43289
43317
43350
43391
43444
43472
43541
43641
43754
44050
44066
44133
44227
44398
44477
44486
44559
44814
44901
45012
45017
45090
45102
45117
45152
45179
45184
45187
45194
45201
45235
45271
45276
45305
45352
45470
45481
45498
45528
45577
45609
45650
45671
45753
45769
45775
45815
45839
45887
45899
45903
45916
46015
46177
46261
46430
46433
46475
46562
46573
46606
46640
46664
46723
46805
46844
46879
47142
47143
47169
47172
47196
47205
47242
47328
47385
47447
47549
47577
47583
47588
47625
47692
47860
47869
47893
47967
47995
48030
48031
48093
48095
48252
48254
48265
48266
48277
48282
48287
48347
48492
48551
48635
48716
48737
48812
48825
48832
48882
48896
49074
49173
49302
49313
49367
49392
49434
49447
49453
49485
49505
49532
49544
49597
49635
49682
49693
49815
49834
49949
49964
49981
50113
50245
50297
50340
50465
50474
50500
50581
50608
50613
50630
50655
50673
50867
50872
50926
50968
50979
51050
51056
51092
51159
51167
51177
51191
51241
51248
51290
51294
51346
51395
51430
51447
51468
51559
51659
51698
51747
51765
51842
51852
51983
52000
52048
52173
52236
52270
52284
52321
52335
52347
52393
52449
52465
52485
52523
52674
52925
53013
53054
53055
53057
53101
53221
53225
53318
53332
53340
53342
53356
53559
53587
53589
53597
53667
53755
53824
53850
53914
53918
54014
54103
54104
54203
54252
54290
54334
54455
54489
54527
54555
54561
54600
54641
54839
54994
55002
55081
55229
55256
55286
55293
55352
55536
55577
55699
55720
55799
55803
55805
55824
55832
55836
55933
55944
55990
56044
56106
56268
56291
56309
56322
56611
56630
56655
56694
56740
56851
56902
56934
57043
57129
57166
57169
57172
57230
57256
57286
57344
57363
57433
57497
57513
57682
57717
57724
57752
57773
57844
57858
57879
58014
58042
58061
58065
58073
58099
58222
58269
58305
58313
58621
58678
58762
58765
58922
59135
59210
59253
59349
59371
59374
59432
59504
59554
59615
59632
59677
59705
59711
59729
59795
59816
60011
60068
60117
60118
60318
60330
60372
60404
60458
60476
60485
60539
60558
60567
60695
60781
60800
60887
60904
60937
60974
61102
61147
61157
61280
61317
61323
61412
61493
62026
62058
62068
62071
62080
62082
62093
62115
62164
62214
62217
62240
62282
62294
62310
62370
62468
62485
62540
62563
62605
62651
62756
62785
62838
62874
62900
62904
63008
63018
63023
63119
63129
63157
63199
63213
63410
63473
63731
63760
63916
63930
63949
64013
64050
64056
64236
64245
64267
64484
131267
131269
131392
131414
131423
131442
131965
132045
132061
132070
132116
132203
132212
132225
132231
132335
132447
132453
132497
132509
132717
132757
132770
132779
132816
132839
132869
132932
132976
132996
133001
133115
133120
133143
133159
133199
133201
133222
133296
133320
133393
133480
133676
133720
133982
134014
134022
134026
134033
134190
134375
134451
134548
134674
134768
134837
134913
134937
134963
134971
135004
135028
135031
135377
135402
135555
135562
135760
135822
135872
135905
136052
136258
136288
136334
136374
136557
136716
136899
136907
137166
137434
137517
137951
138195
138245
138296
139021
139190
141167
196645
196716
196745
197019
197071
197155
197226
197328
197395
197439
197492
197540
197569
197648
197695
197706
197812
197882
197902
197914
197922
198068
198153
198171
198347
198432
198605
198610
198651
198785
198968
199140
199267
199297
199429
199432
199481
199484
199524
199610
199653
199716
199883
199990
199997
200000
200019
200052
200107
200147
200373
200454
200484
200557
200617
200651
200719
200805
200814
200904
201011
201200
201233
201351
201401
201446
201449
201525
201553
201597
201630
201634
201670
201702
201709
201848
201862
201963
201983
202015
202023
202053
202054
202193
202278
202279
202422
202425
202527
202533
202614
202661
202675
202678
202693
202750
202769
202984
203020
203040
203059
203069
203120
203320
203405
203443
203694
203706
203999
204105
204139
204185
204188
204196
204210
204223
204333
204601
204650
204655
204957
204997
205016
205081
205544
205565
205692
205820
205824
205842
205848
205869
205873
205884
205944
206087
206092
206206
206352
206361
206469
206611
206728
206804
206977
207088
207096
207108
207155
207459
207713
208161
208846
209128
209242
209272
209378
209574
209623
209723
209735
209737
209843
210015
210079
210138
210273
210743
211590
211895
212027
212238
213035
213058
213122
213322
215413
262287
262603
262916
262978
262990
263032
263179
263237
263735
263740
263744
263812
263821
263829
267093
269853
327697
327705
327813
327942
328035
328200
328286
328543
328608
393886
393960
394056
394143
394256
394330
394380
394474
394625
394695
394727
394996
395089
395105
395111
395561
395954
396190
396356
396362
396412
396507
396989
397384
397423
398101
398465
398779
398823
398993
399629
